(3) (1,3) (2) (2,3) (0,2) (0,1) {3,5,4,7}

[[1, 3], [2, 3], [0, 2], [0, 1], [3], [2]]
{3,5,4,7}


































(0, 0, 0, 0)

1. (1, 3)
(0, 1, 0, 1)
2. (1, 3)
(0, 2, 0, 2)
3. (1, 3)
(0, 3, 0, 3)
4. (1, 3)
(0, 4, 0, 4)
5. (1, 3)
(0, 5, 0, 5)
---
~~F. (1, 3)~~
~~(0, 6, 0, 6)~~
---
6. (2, 3)
(0, 5, 1, 6)
7. (2, 3)
(0, 5, 2, 7)
---
~~F. (2, 3)~~
~~(0, 5, 3, 8)~~
---
8. (0, 2)
(1, 5, 3, 7)
9. (0, 2)
(2, 5, 4, 7)
---
~~F. (0, 2)~~
~~(3, 5, 5, 7)~~
---
~~F. (0, 1)~~
~~(4, 6, 4, 7)~~
---
~~F. (3)~~
~~(2, 5, 4, 8)~~
---
~~F. (2)~~
~~(2, 5, 5, 7)~~
